-2825139
0
-2801882
-2695718
-2612387
-2479049
-2333698
-2187639
-2053430
-1899984
-1761737
-1673166
-1628292
-1609420
-1606327
-1598351
-1584424
-1581176
-1590146
-1593342
-1586847
-1587124
-1598058
-1603148
-1594421
-1586646
-1587481
-1593481
-1592652
-1571752
-1546589
-1532097
-1530959
-1532365
-1527857
-1514642
-1493128
-1473966
-1468177
-1477736
-1468471
-1450021
-1450407
-1464841
-1462748
-1446297
-1442509
-1454347
-1455079
-1435133
-1426754
-1438639
-1442651
-1422698
-1412295
-1422396
-1428222
-1384812
-1255211
-1160507
-1149274
-1167383
-1285875
-2422387
-4413666
-6316027
-6771576
-6653161
-6385780
-6112714
-5888256
-5705956
-5568315
-5439003
-5329292
-5261689
-5225023
-5212621
-5228499
-5267519
0
0
0
0
0
0
0
0
0
0
-3080352
0
0
-5666573
-5631042
-5643594
-5658846
-5668826
-5682061
-5695596
-5717519
-5755036
-5782906
-5800261
-5819038
-5845267
-5857114
-5863665
-5869686
-5873881
-5877657
-5881418
-5884812
-5888208
-5891826
-5895662
-5899204
-5902649
-5906427
-5910336
-5913918
-5917221
-5920732
-5924553
-5928179
-5931440
-5934882
-5938621
-5942207
-5945524
-5948879
-5952622
-5956639
0
0
0
0
0
0
0
0
5308336
0
0
0
-6759389
-6780486
-6797097
-6805270
-6795261
-6759158
-6704696
-6639708
-6568420
-6492334
-6409964
-6306551
-6181771
-6056886
-5940189
-5828409
-5717104
-5610951
-5505517
-5400487
-5301164
-5188949
-5053056
-4897001
-4745570
-4606852
-4483509
-4383070
-4312566
-4284868
-4276322
-4275425
-4287829
-4310254
-4335951
-4361133
-4387329
-4413461
-4438974
-4466882
-4491432
-4495821
-4324808
-3965090
-3585450
-3278625
-3192857
-3194451
-3184610
-3181866
-3186827
-3191481
-3195751
-3200313
-3205248
-3209624
-3213145
-3216993
-3221528
-3225738
-3229164
-3232806
-3237351
-3241747
-3245246
-3248736
-3252910
-3257145
-3260546
-3263783
-3267716
-3270106
-3274180
-3424558
-3759524
-4291039
-4937511
-5374448
-5396026
-5419798
-5444757
-5466468
-5466687
-5413754
-5045902
-4052931
-3245405
-2642915
-1892206
-1152419
-581540
-107881
271913
554023
763034
905703
1002761
1075793
1132024
1187361
1251224
1317383
1376612
1438041
1503966
1588069
1706069
1844399
1976116
2080063
2148427
2191071
2222433
2264707
2313363
2361972
2409920
2454821
2498919
2558328
2626452
2637827
2617844
2593205
2564164
2536091
2505526
2480478
2469094
2457028
2448427
2444761
2441451
2436274
2430064
2423746
2417227
2410128
2403188
2396970
2390889
2384018
2376953
2370797
2364823
2358135
2351187
2345013
2339173
2332686
2325678
2319215
2312901
2305776
2297233
2287521
2268598
2224226
2179884
2141233
2114518
2090974
2073768
2167866
2245213
1800422
1632900
1621594
1598223
1554651
1500286
1455687
1430298
1415242
1407543
1404355
1404020
1405449
1409069
1414726
1423235
1432666
1442795
1451959
1459052
1464159
1467688
1472970
1487553
1522134
1550148
1520721
1389028
918784
325810
-117942
-468881
-740451
-922679
-1046115
-1138655
-1045541
-931207
-940554
-959132
-975133
-967566
-820634
-708155
-703127
-710311
-721063
-736116
-808102
-944632
-1110151
-1172404
-1157333
-1182170
-1199392
-1207024
-1203176
-1202448
-1204444
-1203042
-1192662
-1109348
-884902
-675076
-501696
-346842
-206834
-119341
-98096
-85024
-62677
-46151
-179
67016
162943
263404
357092
440218
508959
570166
624564
665614
697666
722364
741653
756161
766391
772500
775386
775944
773890
772616
771108
769036
763841
753563
743921
736601
733103
731001
734107
739509
747060
758612
774269
792329
814973
849093
888613
926718
959347
985428
1006513
1022882
1034117
1040499
1045613
1050261
1055084
1059404
1063339
1066506
1069824
1073409
1079551
1089059
1099782
1108933
1124384
1176573
1301450
1493536
1681911
1771997
1769669
1748893
1726755
1715131
1699241
1679736
1675683
1666013
1656851
1647926
1639142
1630466
1621788
1612994
1604372
1596054
1587648
1579041
1570329
1561962
1554292
1546713
1539122
1531901
1524733
1517296
1509210
1501208
1493380
1485469
1477349
1469398
1461628
1453707
1445531
1437356
1429709
1423908
1442518
1463888
1506800
1550487
1148231
940241
895489
819860
753254
787573
896980
1021169
1110125
1038317
855882
712686
594798
508419
466130
445982
430728
425718
431116
438693
462471
460893
438196
413373
380389
354517
339964
338041
341178
345740
350245
351619
351104
345098
333348
324569
319494
320124
325308
339421
376429
414611
446788
476076
526472
652923
818017
1062013
1381176
1475785
1436903
1423866
1415436
1405085
1394033
1383439
1374053
1364762
1355738
1346871
1338235
1329784
1321103
1312264
1303667
1295243
1286716
1277976
1269408
1261226
1252816
1244133
1235531
1227288
1219029
1210459
1201978
1193936
1185771
1177285
1168763
1165983
1176619
999548
292608
-349132
-849394
-1225196
-1510046
-1746868
-1930228
-2039420
-2114452
-2172989
-2111101
-1987972
-1895111
-1808753
-1707765
-1549119
-1341035
-1121921
-906516
-695269
-482626
-269430
-68874
114261
277216
422043
551714
667586
770183
858831
936753
1005164
1064214
1116666
1163554
1207432
1250614
1292120
1320825
1323376
1307939
1249970
1185130
1204569
1247322
1304930
1357138
1398910
1432819
1460789
1484271
1504768
1522610
1537934
1547314
1553056
1558032
1563217
1568463
1577188
1590475
1590378
1584720
1579116
1573561
1567824
1561836
1555835
1550243
1544496
1538548
1532504
1526387
1520491
1514610
1508654
1503053
1497497
1491719
1485783
1480113
1474750
1469152
1463389
1457680
1451377
1443894
1436544
1427571
1416746
1405586
1393332
1379472
1368375
1360410
1350834
1341022
1335418
1338941
1340823
1338623
1334438
1329311
1323530
1317058
1311152
1305878
1299565
1291989
1284738
1278378
1271693
1264155
1256918
1250537
1244041
1236644
1229488
1223989
1218658
1212526
1206224
1200644
1194921
1187808
1180054
1173255
1166948
1160063
1152591
1145699
1139488
1132681
1125034
1118360
1113108
1107494
1101354
1095194
1089502
1083778
1076883
1069588
1063079
1056578
1049538
1042266
1040926
1063878
1067154
1049339
1065864
1144424
1264886
1358823
1454949
1555248
1631171
1679609
1739606
1806936
1813376
1796696
1815001
1860948
1897108
1906091
1909023
1926611
1946638
1952268
1949991
1962164
1980351
1968101
1969589
2072332
2199734
2280299
2308464
2287373
2255588
2231276
2210500
2199410
2189865
2151822
2108460
2086669
2093766
2110284
2127813
2151994
2189244
2237138
2312378
2437436
2559423
2636570
2648438
2585027
2597329
2603028
2600165
2603366
2620577
2655135
2672279
2659966
2650408
2644981
2640056
2634824
2629683
2625041
2620245
2615159
2610061
2605441
2600916
2595874
2591139
2607295
2507566
1443062
728091
754979
794629
843008
924219
1040403
1192846
1333960
1445603
1510438
1539203
1561804
1579180
1601193
1631828
1671183
1793579
2269335
2822254
3089893
3142010
3005660
2760346
2544314
2423160
2360179
2325956
2310600
2299893
2281238
2259506
2245592
2238781
2240948
2240065
2234653
2218962
2192718
2151317
2138639
2147747
2159651
2171099
2184739
2199327
2209055
2216503
2222753
2225689
2225919
2223856
2220528
2230207
2271169
2371382
2496116
2484336
2315121
2178693
2070844
2024808
1998236
1971333
1944918
1919632
1893561
1864617
1828811
1793901
1768368
1739356
1720821
1713432
1705649
1698791
1693452
1688450
1683359
1677977
1672708
1667732
1662813
1657737
1652528
1647381
1642369
1637263
1632006
1626861
1621861
1616827
1611638
1606448
1601414
1596369
1591191
1586041
1581020
1575989
1570813
1565581
1563946
1588104
1594816
1577801
1579323
1555447
1611044
2066763
2623387
2834251
2807332
2615402
1981028
1376418
941188
572933
212557
-88422
-288683
-468646
-622241
-675819
-614145
-453676
-333847
-279241
-237792
-195506
-132716
59949
427584
755186
984996
1207068
1435353
1638829
1824399
1995041
2153130
2315465
2435047
2513866
2583016
2636102
2673171
2685831
2667413
2642291
2643749
2699946
2798404
2891484
2946471
2948539
2901764
2804801
2660126
2467482
2357831
2326528
2318329
2310334
2263716
2222335
2209321
2220390
2242491
2229836
2191286
2164004
2124446
2019126
1915608
1847704
1806306
1787205
1752542
1698353
1626246
1456115
1170381
758824
318646
-69061
-358054
-624114
-945261
-1153991
-1324564
-1434128
-1071037
-280714
150939
204203
195039
187771
182780
178066
173059
167936
163104
158499
153693
148748
143767
127568
87096
43459
12824
-3581
-28702
-72772
-130568
-176971
-223279
-279711
-325806
-357729
-409467
-483727
-562275
-636877
-693277
-713121
-711425
-687785
-655026
-643567
-636414
-614924
-589568
-572079
-565871
-566827
